<script src="https://code.highcharts.com/highcharts.js"></script>
<script src="https://code.highcharts.com/highcharts-more.js"></script>


<input type="date" id="start" name="trip-start"
       value="2018-07-22"
       min="2018-01-01" max="2018-12-31">

       <select id="mySelect" onchange="myFunction()">
       <option disabled selected value> -- select model -- </option>
         <option value="GRU">GRU</option>
         <option value="LSTM">LSTM</option>
         <option value="ConvLSTM" >ConvLSTM</option>
         </select>


<figure class="highcharts-figure">
    <div id="abcde" style="width:100%; height:340px;"></div>
</figure>

<script>

  function myFunction() {
    var x = document.getElementById("mySelect").value;
    //alert(x);


if (x=="LSTM"){
    ob_d = [[0.57,3.81,5.33,7.09,10.49],
[0.49,4.2025,6.33,8.55,11.9],
[0.45,5.39,7.48,9.91,13.56],
[0.55,5.055,7.19,9.53,13.69],
[0.6,5.2125,7.625,9.745,14.05],
[0.66,5.0125,7.325,10.09,14],
[0.77,5.11,7.33,10.095,14.03],
[0.77,5.365,7.9,10.69,14.87],
[0.72,5.8075,7.905,10.6225,14.95],
[0.73,5.79,8.3,11.1075,15.92],
[0.75,6.1,8.62,11.39,15.65],
[0.83,5.6575,7.98,10.56,14.74],
[0.74,5.94,8.505,11.0225,15.23],
[0.71,6.575,9.35,12.07,17.27],
[0.72,5.885,8.66,11.3425,15.7],
[0.73,6.47,9.43,12.44,16.86],
[0.78,6.545,9.68,12.66,17.34],
[0.77,6.55,9.73,12.76,17.19],
[0.83,6.12,9.25,12.43,16.94],
[0.71,5.4625,8.295,11.665,16.01],
[0.6,5.16,7.795,10.84,15.46],
[0.59,5.0475,7.685,10.2975,14.44],
[0.66,5.04,7.66,10.335,14.31],
[0.7,4.98,7.43,10.2,14]]

pred_d = [[1.4,4.5825,6.47,9.4925,13.23],
[1,5.335,8.46,11.93,16.66],
[1,5.655,8.435,12.0925,16.7],
[1,5.95,8.84,12.7225,17.05],
[1,5.97,8.73,12.31,17.17],
[1,5.66,8.97,12.345,16.97],
[1,6,9.15,13,17.47],
[1.12,5.98,8.93,12.535,16.78],
[1.2,6.34,9.28,12.7575,18.5],
[1,6.7275,10.07,13.5075,18.88],
[1.3,6.35,9.15,12.78,17.63],
[1.2,6.5575,9.62,13,18.63],
[1,7.12,11.125,14.185,19.97],
[1,7.2,10.6,14.56,19.28],
[1,6.98,10.77,14.755,19.75],
[1,7.385,11.215,15.055,19.97],
[1,7.4,11.22,14.76,20.22],
[1,7.195,11.1,14.57,20],
[1,6.145,10.015,13.905,18.67],
[1,5.6825,9.44,12.6625,17.46],
[1,5.63,8.95,12.53,17.2],
[1,5.6675,8.73,12.3025,16.85],
[1,5.4625,8.535,12.1275,16.52],
[1,5.72,8.8,12.47,16.52]] }

else if (x=="GRU"){
    pred_d = [[0.57,3.81,5.33,7.09,10.49],
    [0.83,6.12,9.25,12.43,16.94],
    [0.71,5.4625,8.295,11.665,16.01],
    [0.6,5.16,7.795,10.84,15.46],
    [0.59,5.0475,7.685,10.2975,14.44],
    [0.66,5.04,7.66,10.335,14.31],
[0.77,5.11,7.33,10.095,14.03],
[0.77,5.365,7.9,10.69,14.87],
[0.72,5.8075,7.905,10.6225,14.95],
[0.73,5.79,8.3,11.1075,15.92],
[0.75,6.1,8.62,11.39,15.65],
[0.83,5.6575,7.98,10.56,14.74],
[0.74,5.94,8.505,11.0225,15.23],
[0.71,6.575,9.35,12.07,17.27],
[0.72,5.885,8.66,11.3425,15.7],
[0.73,6.47,9.43,12.44,16.86],
[0.78,6.545,9.68,12.66,17.34],
[0.77,6.55,9.73,12.76,17.19],
[0.49,4.2025,6.33,8.55,11.9],
[0.45,5.39,7.48,9.91,13.56],
[0.55,5.055,7.19,9.53,13.69],
[0.6,5.2125,7.625,9.745,14.05],
[0.66,5.0125,7.325,10.09,14],
[0.7,4.98,7.43,10.2,14]]

ob_d = [[1.4,4.5825,6.47,9.4925,13.23],
[1,5.335,8.46,11.93,16.66],
[1,5.655,8.435,12.0925,16.7],
[1,5.95,8.84,12.7225,17.05],
[1,5.97,8.73,12.31,17.17],
[1,5.66,8.97,12.345,16.97],
[1,6,9.15,13,17.47],
[1.12,5.98,8.93,12.535,16.78],
[1.2,6.34,9.28,12.7575,18.5],
[1,6.7275,10.07,13.5075,18.88],
[1.3,6.35,9.15,12.78,17.63],
[1.2,6.5575,9.62,13,18.63],
[1,7.12,11.125,14.185,19.97],
[1,7.2,10.6,14.56,19.28],
[1,6.98,10.77,14.755,19.75],
[1,7.385,11.215,15.055,19.97],
[1,7.4,11.22,14.76,20.22],
[1,7.195,11.1,14.57,20],
[1,6.145,10.015,13.905,18.67],
[1,5.6825,9.44,12.6625,17.46],
[1,5.63,8.95,12.53,17.2],
[1,5.6675,8.73,12.3025,16.85],
[1,5.4625,8.535,12.1275,16.52],
[1,5.72,8.8,12.47,16.52]] }

Highcharts.chart('abcde', {
chart: {
    type: 'boxplot',
    backgroundColor: {
        linearGradient: { x1: 0, y1: 0, x2: 1, y2: 1 },
        stops: [
            [0, '#2a2a2b'],
            [1, '#2a2a2b']
        ]
    },
    style: {
        fontFamily: '\'Unica One\', sans-serif'
    },
    plotBorderColor: '#606063'
},

title: {text: ''},
credits:{enabled:false},


xAxis: {
    categories: ['0','1', '2', '3', '4','5','6','7','8','9','10','11','12','13','14','15','16','17','18','19','20','21','22','23'],
    gridLineColor: '#707073',
        labels: {
            style: {
                color: '#E0E0E3',
                fontSize:'20px'
            }
        },
        lineColor: '#707073',
        minorGridLineColor: '#505053',
        tickColor: '#707073',
        title: {
            text: 'Hour',
            style: {
                color: '#FFFFFF',
                fontSize:'20px'
            }
        }
},

yAxis: {
    min:0,
    gridLineColor: '#707073',
        labels: {
            style: {
                color: '#E0E0E3',
                fontSize:'20px'
            }
        },
        lineColor: '#707073',
        minorGridLineColor: '#505053',
        tickColor: '#707073',
        tickWidth: 1,
    title: {
        text: 'PM2.5 (㎍/㎥)',
        style: {
                color: '#FFFFFF',
                fontSize:'20px'
            }
    },
},
plotOptions: {
    series: {
        dataLabels: {
            color: '#F0F0F3',
            style: {
                fontSize: '20px'
            }
        },
        marker: {
            lineColor: '#333'
        }
    },
    boxplot: {
        fillColor: '#525252'
    },
    candlestick: {
        lineColor: 'white'
    },
    errorbar: {
        color: 'white'
    }
},
legend: {
    align: 'right',
    verticalAlign: 'middle',
    layout: 'vertical',
    backgroundColor: 'rgba(0, 0, 0, 0.5)',
    itemStyle: {
        color: '#E0E0E3',
        fontSize:'20px',
    },
    itemHoverStyle: {color: '#FFF'},
    itemHiddenStyle: {color: '#606063'},

},
labels: {
    style: {
        color: '#707073'
    }
},

series: [
{
    name: 'Observation',
    data: ob_d
/////////////////////////////////////
// Data
///////////////////////////////////////
    ,color:'#ffff33',lineWidth:3

},
{
    name: 'Prediction',
    data: pred_d

/////////////////////////////////////
// Data

//
//////////////////////////////////


,color:'#2EFEF7',lineWidth:3

},

]

});
}
</script>